#DY Configuration
#Thu Jun 14 22:43:44 IST 2018
lastPlayed=10
totalTime=298.143
currentTime=1.510748299
volume=0.9262295081967212
