#DY Configuration
#Fri Jul 20 21:07:37 IST 2018
lastPlayed=530
totalTime=185.756734693
currentTime=87.640223135
volume=0.9016393442622952
